startValue,endValue,quantity,gids
0,99999,2638,
100000,199999,268,
200000,299999,103,
300000,399999,45,
400000,499999,39,
500000,599999,22,
600000,699999,22,
700000,799999,15,
800000,899999,13,
900000,999999,17,
1000000,1099999,4,
1100000,1199999,3,
1200000,1299999,4,
1300000,1399999,3,
1400000,1499999,2,"[{'fips': '06067', 'value': 1418788.0}, {'fips': '36103', 'value': 1493350.0}]"
1500000,1599999,4,
1600000,1699999,0,[]
1700000,1799999,3,
1800000,1899999,2,"[{'fips': '26163', 'value': 1820584.0}, {'fips': '48439', 'value': 1809034.0}]"
1900000,1999999,2,"[{'fips': '32003', 'value': 1951269.0}, {'fips': '53033', 'value': 1931249.0}]"
2000000,2099999,1,"[{'fips': '06071', 'value': 2035210.0}]"
2100000,2199999,1,"[{'fips': '06065', 'value': 2189641.0}]"
2200000,2299999,1,"[{'fips': '36081', 'value': 2230722.0}]"
2300000,2399999,1,"[{'fips': '48113', 'value': 2368139.0}]"
2400000,2499999,1,"[{'fips': '12086', 'value': 2496435.0}]"
2500000,2599999,1,"[{'fips': '36047', 'value': 2504700.0}]"
2600000,2699999,0,[]
2700000,2799999,0,[]
2800000,2899999,0,[]
2900000,2999999,0,[]
3000000,3099999,2,"[{'fips': '06059', 'value': 3010232.0}, {'fips': '06073', 'value': 3095313.0}]"
3100000,3199999,0,[]
3200000,3299999,0,[]
3300000,3399999,0,[]
3400000,3499999,0,[]
3500000,3599999,0,[]
3600000,3699999,0,[]
3700000,3799999,0,[]
3800000,3899999,1,"[{'fips': '04013', 'value': 3817117.0}]"
3900000,3999999,0,[]
4000000,4099999,1,"[{'fips': '48201', 'value': 4092459.0}]"
4100000,4199999,0,[]
4200000,4299999,0,[]
4300000,4399999,0,[]
4400000,4499999,0,[]
4500000,4599999,0,[]
4600000,4699999,0,[]
4700000,4799999,0,[]
4800000,4899999,0,[]
4900000,4999999,0,[]
5000000,5099999,0,[]
5100000,5199999,1,"[{'fips': '17031', 'value': 5194675.0}]"
5200000,5299999,0,[]
5300000,5399999,0,[]
5400000,5499999,0,[]
5500000,5599999,0,[]
5600000,5699999,0,[]
5700000,5799999,0,[]
5800000,5899999,0,[]
5900000,5999999,0,[]
6000000,6099999,0,[]
6100000,6199999,0,[]
6200000,6299999,0,[]
6300000,6399999,0,[]
6400000,6499999,0,[]
6500000,6599999,0,[]
6600000,6699999,0,[]
6700000,6799999,0,[]
6800000,6899999,0,[]
6900000,6999999,0,[]
7000000,7099999,0,[]
7100000,7199999,0,[]
7200000,7299999,0,[]
7300000,7399999,0,[]
7400000,7499999,0,[]
7500000,7599999,0,[]
7600000,7699999,0,[]
7700000,7799999,0,[]
7800000,7899999,0,[]
7900000,7999999,0,[]
8000000,8099999,0,[]
8100000,8199999,0,[]
8200000,8299999,0,[]
8300000,8399999,0,[]
8400000,8499999,0,[]
8500000,8599999,0,[]
8600000,8699999,0,[]
8700000,8799999,0,[]
8800000,8899999,0,[]
8900000,8999999,0,[]
9000000,9099999,0,[]
9100000,9199999,0,[]
9200000,9299999,0,[]
9300000,9399999,0,[]
9400000,9499999,0,[]
9500000,9599999,0,[]
9600000,9699999,0,[]
9700000,9799999,0,[]
9800000,9899999,1,"[{'fips': '06037', 'value': 9818605.0}]"
9900000,9999999,0,[]
